31 6.5-1.6
28 7.5-1.6
31 9.0-1.6
3012.8 0.9
3113.9 3.8
3013.9 5.8
3112.4 6.4
3110.9 5.0
30 9.4 2.4
31 8.0 0.4
30 7.0-1.6
31 6.0-1.6
85.0 6.0 15.0 4 8
 3.9  98  14 8.9
 7.2  34  1810.7
12.2  23  11  .0
10.0  28  14  .0
21.7  22  13  .0
22.8  42  13  .0
15.0  62   5  .0
 9.4  67   6  .8
 3.3  42  31 8.9
10.6  23  16  .0
 6.1  96  16  .3
 4.4  34  27 2.0
 7.2  40   8  .3
 3.3  91  1814.0
 4.4  83   622.6
 7.2  64   8  .8
 6.7  93   616.8
 6.7  71  14 7.9
10.0  53  18  .0
11.7  98   314.2
 8.3  79  1811.2
10.6  81  19 4.6
14.4  94   515.5
13.9  40  14  .0
19.4  41  16  .3
12.2  40  18  .0
10.0  41  16  .0
16.1  32   8  .0
18.9  36  10  .0
28.9  46  10  .0
23.3  54  13  .0
18.3  44  14 1.0
11.1  60  14  .3
10.0  64   8 1.3
15.6  50   6 3.0
18.3  35   6  .0
12.2  88   6 5.1
16.1  46   8  .0
20.6  59  23  .0
